# YOLOv5 Hyperparameter Evolution Results
# Best generation: 7
# Last generation: 22
#    metrics/precision,       metrics/recall,      metrics/mAP_0.5, metrics/mAP_0.5:0.95,         val/box_loss,         val/obj_loss,         val/cls_loss
#              0.08837,              0.31818,              0.13841,              0.04386,             0.060035,             0.030765,                    0

lr0: 0.00924
lrf: 0.08524
momentum: 0.90784
weight_decay: 0.00047
warmup_epochs: 3.3734
warmup_momentum: 0.95
warmup_bias_lr: 0.11604
box: 0.04975
cls: 0.44176
cls_pw: 1.0626
obj: 0.68012
obj_pw: 1.7577
iou_t: 0.2
anchor_t: 3.9838
fl_gamma: 0.0
hsv_h: 0.0
hsv_s: 0.0
hsv_v: 0.0
degrees: 0.0
translate: 0.0
scale: 0.0
shear: 0.0
perspective: 0.0
flipud: 0.0
fliplr: 0.0
mosaic: 1.0
mixup: 0.0
copy_paste: 0.0
anchors: 2.4678